191046 59 72983236
190706 29 27738492
196250 132 237017797
196364 947 869814350
194464 52 78775241
194210 227 219296533
198230 970 853736939
200473 246 236995201
201278 1241 1483486528
202016 618 672417827
202075 457 612162238
202328 513 752521529
199608 585 684836888
199699 218 275039437
200041 175 195665571
200091 259 306243259
200091 711 842219482
200244 366 515890286
206389 292 402795277
206208 457 495388438
206596 170 197775214
207222 58 55184161
207269 108 92818917
207920 464 698309829
208341 465 529197548
205233 146 131080660
205193 823 1057498566
205193 124 133290376
205193 155 189388160
  
193621 236 213150638
191833 87 113172701
196531 432 614274950
195397 278 427791085
198271 615 713953623
201191 112 115517954
201278 1596 1785655767
201671 129 186233068
201671 345 454918385
201705 80 45221190
199428 445 543549984
199574 182 140272830
199608 802 929181993
198955 744 843683751
199703 298 262478290
199752 119 151966004
198955 1068 1145584516
199876 268 309185273
198969 421 544921846
206745 726 785694949
206745 860 912481118
205667 271 290847449
207372 432 611015376
207491 33 35870022
208341 333 384510322
208353 130 163881922
208551 414 670905529
203894 1129 1178267761
205921 522 748975333
206088 190 245099297
206243 856 1170190558
206466 150 278368757
206574 44 76088896
  
193336 541 377763690
190703 218 252089456
191830 129 160089885
196364 411 409071824
196453 1443 1273512425
194480 551 501148160
194699 133 161342556
195147 446 540385571
194076 18 20490001
195398 655 563626890
195540 146 166582636
195757 75 122800784
195774 151 284935165
195915 255 431776701
196349 165 227312278
198271 758 863531478
201602 363 500945429
201707 863 1030273936
201817 193 192892746
202178 864 1030035609
202237 210 325262819
202478 924 954308923
202504 1576 1717970410
202504 1597 1733701479
202504 1438 1608827722
199409 319 421213009
203002 225 293363788
199435 739 841440768
199699 110 148483994
199812 417 498385595
200042 31 27382077
200075 529 630935956
200091 403 496584011
198969 517 652307227
200244 56 91331536
199008 84 61016941
200600 772 985062229
201168 523 578983015
206446 689 962003631
203994 26 43635363
206512 872 1077619244
206542 32 53143845
206744 172 236759242
206906 66 79912538
207279 179 246877231
207454 1370 1741784267
207905 109 94020118
208390 163 220212271
204577 34 49106915
204577 887 1038415129
204599 317 481344397
204601 1111 1194301488
205158 666 882656886
205339 246 331676273
206102 348 507785516
206246 1133 951549765
206303 159 195130689
  
